=== PAGE 227 (Table A1.1) ===
200 
 
 
APÊNDICE A1. RESULTADOS DOS ENSAIOS DE LIXIVIAÇÃO 
 
A1.1. LIXIVIAÇÃO DESCONTÍNUA EM BANCADA 
 
TABELA A1.1 – Média dos resultados obtidos ensaios de lixiviação descontínuos 
em bancada, realizados em triplicata. Condições: Volume de solução 
lixiviante=400mL, Temperatura=40ºC, Velocidade de Agitação=1000rpm. 
 
Ensaio 
Razão 
Molar 
η  
CA0 
 (mol.L-1) 
Razão 
sólido/ 
líquido 
(g.L-1) 
mB0 
 (g) 
CAf 
 (mol.L-1) pH0 pHf 
[Zn] 
licor 
(g.L-1) 
XZn XFe 
1 
0,5 
0,10 20 8,0 9,8E-07 1,0 6,0 6,1 0,50 0,00 
3 0,50 100 40 4,2E-06 0,2 5,4 30,7 0,50 0,00 
4 1,00 200 80 5,0E-06 0,0 5,3 61,6 0,50 0,00 
5 1,50 300 120 4,9E-06 -0,2 5,0 89,6 0,49 0,00 
6 
1,0 
0,10 10 4,0 0,008 1,0 2,0 5,3 0,87 0,06 
8 0,50 50 20 0,056 0,2 1,2 26,6 0,87 0,05 
9 1,00 100 40 0,12 0,0 0,9 51,7 0,85 0,06 
10 1,50 150 60 0,23 -0,2 0,6 77,8 0,85 0,07 
11 
1,5 
0,10 7,0 2,7 0,04 1,0 1,5 4,0 0,98 0,07 
13 0,50 33 13,3 0,18 0,2 0,7 19,8 0,97 0,06 
14 1,00 67 26,7 0,34 0,0 0,5 39,6 0,97 0,07 
15 1,50 100 40 0,53 -0,2 0,2 59,3 0,97 0,08 
2 
3,1 
0,10 3,0 1,3 0,06 1,0 1,2 2,0 1,00 0,09 
7 0,50 17 6,7 0,32 0,3 0,5 10,2 1,01 0,09 
12 1,00 33 13,3 0,64 0,1 0,2 20,4 1,00 0,09 
16 1,50 50 20 0,99 -0,2 -0,1 30,7 1,00 0,10 
 
 
 
 
 
 
=== PAGE 228 (Table A1.4) ===
201 
 
 
TABELA A1.4 – Média da conversão de zinco em função do tempo (XZn) obtidas 
nas três réplicas dos ensaios de lixiviação descontínuos em bancada. Condições: 
Volume de solução lixiviante=400mL, Temperatura=40ºC, Velocidade de 
Agitação=1000rpm. 
 
Ensaio η CA0 
(mol/L) 
XZn 
Tempo (min) 
0 0,5 1 2 3 4 5 15 
1 0,5 0,1 0 0,42 0,46 0,46 0,49 0,51 0,49 0,50 
2 3,1 0,1 0 0,82 0,90 0,95 0,97 0,97 0,99 1,00 
3 0,5 0,5 0 0,45 0,48 0,49 0,52 0,50 0,49 0,50 
4 0,5 1,0 0 0,50 0,47 0,51 0,47 0,53 0,51 0,50 
5 0,5 1,5 0 0,49 0,49 0,47 0,49 0,49 0,47 0,49 
6 1,0 0,1 0 0,75 0,78 0,80 0,85 0,87 0,85 0,87 
7 3,1 0,5 0 0,88 0,93 0,98 0,99 1,00 0,99 1,01 
8 1,0 0,5 0 0,83 0,82 0,85 0,86 0,87 0,86 0,87 
9 1,0 1,0 0 0,83 0,84 0,85 0,85 0,83 0,84 0,85 
10 1,0 1,5 0 0,84 0,83 0,83 0,83 0,83 0,84 0,85 
11 1,5 0,1 0 0,86 0,85 0,88 0,97 0,94 0,96 0,98 
12 3,1 1,0 0 0,96 1,00 1,00 0,99 0,99 0,99 1,00 
13 1,5 0,5 0 0,92 0,92 0,95 0,95 0,95 0,95 0,97 
14 1,5 1,0 0 0,91 0,96 0,95 0,97 0,95 0,98 0,97 
15 1,5 1,5 0 0,91 0,94 0,95 0,94 0,96 0,96 0,97 
16 3,1 1,5 0 0,98 0,98 0,96 0,99 0,99 1,00 1,00 
 
 
 
 
 
 
 
 
 
=== PAGE 229 (Table A1.6 & A1.7) ===
202 
 
 
A1.2. LIXIVIAÇÃO CONTÍNUA NA PLANTA PILOTO 
 
TABELA A1.6 – Resultados do ensaio de lixiviação contínuo na planta piloto com 
vazão volumétrica de alimentação de 0,41L.min-1. Condições: CA0=0,5mol.L-1, 
η=1,0, Temperatura=40ºC, Velocidade de Agitação=500rpm. 
 
Tempo 
(min) 
Conversão - XZn CAf (mol.L-1) XFe 
Reator 
1 
Reator 
2 
Reator 
3 
Reator 
1 
Reator 
2 
Reator 
3 
Reator 
1 
Reator 
2 
Reator 
3 
45 0,611 0,636 0,716 0,204 0,191 0,149 0,040 0,049 0,051 
65 0,722 0,757 0,787 0,146 0,128 0,112 0,043 0,052 0,054 
85 0,776 0,813 0,822 0,118 0,098 0,093 0,048 0,056 0,057 
105 0,780 0,822 0,849 0,116 0,093 0,079 0,050 0,056 0,059 
120 0,776 0,838 0,860 0,118 0,085 0,074 0,053 0,056 0,060 
130 0,782 0,836 0,861 0,114 0,086 0,073 0,052 0,059 0,060 
140 0,779 0,835 0,860 0,116 0,087 0,074 0,055 0,062 0,061 
150 0,782 0,835 0,857 0,114 0,087 0,075 0,057 0,062 0,062 
 
 
TABELA A1.7 – Resultados do ensaio de lixiviação contínuo na planta piloto com 
vazão volumétrica de alimentação de 0,21L.min-1. Condições: CA0=0,5mol.L-1, 
η=1,0, Temperatura=40ºC, Velocidade de Agitação=500rpm. 
 
Tempo 
(min) 
Conversão - XZn CAf (mol.L-1) XFe 
Reator 
1 
Reator 
2 
Reator 
3 
Reator 
1 
Reator 
2 
Reator 
3 
Reator 
1 
Reator 
2 
Reator 
3 
90 0,709 0,679 0,710 0,153 0,169 0,152 0,053 0,051 0,053 
110 0,729 0,703 0,725 0,143 0,156 0,144 0,054 0,053 0,054 
130 0,736 0,715 0,753 0,138 0,150 0,129 0,055 0,054 0,057 
160 0,746 0,738 0,772 0,133 0,137 0,120 0,056 0,056 0,058 
190 0,788 0,785 0,835 0,111 0,113 0,087 0,059 0,059 0,063 
210 0,803 0,816 0,857 0,103 0,096 0,075 0,060 0,061 0,064 
230 0,807 0,838 0,856 0,102 0,085 0,076 0,060 0,063 0,064 
250 0,805 0,842 0,856 0,102 0,083 0,075 0,060 0,063 0,064 
280 0,806 0,844 0,856 0,102 0,082 0,075 0,060 0,063 0,064 
290 0,809 0,848 0,859 0,100 0,080 0,074 0,060 0,064 0,065 
300 0,808 0,849 0,862 0,101 0,079 0,073 0,060 0,064 0,065 
 
